2.938000000000000000e+03
2.981000000000000000e+03
2.982000000000000000e+03
2.983000000000000000e+03
3.396000000000000000e+03
3.398000000000000000e+03
3.638000000000000000e+03
3.640000000000000000e+03
3.641000000000000000e+03
3.642000000000000000e+03
3.689000000000000000e+03
3.690000000000000000e+03
3.692000000000000000e+03
3.693000000000000000e+03
3.715000000000000000e+03
3.716000000000000000e+03
3.763000000000000000e+03
3.767000000000000000e+03
3.768000000000000000e+03
3.769000000000000000e+03
3.844000000000000000e+03
3.845000000000000000e+03
3.846000000000000000e+03
3.871000000000000000e+03
3.929000000000000000e+03
3.930000000000000000e+03
3.931000000000000000e+03
3.932000000000000000e+03
3.933000000000000000e+03
3.936000000000000000e+03
3.958000000000000000e+03
3.959000000000000000e+03
4.030000000000000000e+03
4.055000000000000000e+03
4.066000000000000000e+03
4.134000000000000000e+03
4.135000000000000000e+03
4.145000000000000000e+03
4.158000000000000000e+03
4.167000000000000000e+03
4.170000000000000000e+03
4.261000000000000000e+03
4.273000000000000000e+03
4.281000000000000000e+03
4.360000000000000000e+03
4.375000000000000000e+03
4.386000000000000000e+03
4.389000000000000000e+03
4.390000000000000000e+03
4.394000000000000000e+03
4.399000000000000000e+03
4.471000000000000000e+03
4.475000000000000000e+03
4.484000000000000000e+03
4.485000000000000000e+03
4.495000000000000000e+03
4.497000000000000000e+03
4.504000000000000000e+03
4.508000000000000000e+03
4.580000000000000000e+03
4.585000000000000000e+03
4.594000000000000000e+03
4.606000000000000000e+03
4.608000000000000000e+03
4.617000000000000000e+03
4.699000000000000000e+03
4.709000000000000000e+03
4.724000000000000000e+03
4.731000000000000000e+03
4.736000000000000000e+03
4.814000000000000000e+03
4.828000000000000000e+03
4.829000000000000000e+03
4.833000000000000000e+03
4.834000000000000000e+03
4.836000000000000000e+03
4.842000000000000000e+03
4.843000000000000000e+03
4.846000000000000000e+03
4.847000000000000000e+03
4.848000000000000000e+03
4.851000000000000000e+03
4.852000000000000000e+03
4.857000000000000000e+03
4.941000000000000000e+03
4.950000000000000000e+03
4.957000000000000000e+03
4.964000000000000000e+03
4.965000000000000000e+03
4.967000000000000000e+03
4.974000000000000000e+03
5.080000000000000000e+03
5.085000000000000000e+03
5.093000000000000000e+03
5.099000000000000000e+03
5.185000000000000000e+03
5.203000000000000000e+03
5.205000000000000000e+03
5.209000000000000000e+03
5.215000000000000000e+03
5.216000000000000000e+03
5.306000000000000000e+03
5.312000000000000000e+03
5.313000000000000000e+03
5.330000000000000000e+03
5.333000000000000000e+03
5.335000000000000000e+03
5.336000000000000000e+03
5.434000000000000000e+03
5.441000000000000000e+03
5.443000000000000000e+03
5.469000000000000000e+03
5.570000000000000000e+03
5.572000000000000000e+03
5.584000000000000000e+03
5.590000000000000000e+03
5.592000000000000000e+03
5.608000000000000000e+03
5.699000000000000000e+03
5.701000000000000000e+03
5.715000000000000000e+03
5.716000000000000000e+03
5.720000000000000000e+03
5.729000000000000000e+03
5.730000000000000000e+03
5.815000000000000000e+03
5.822000000000000000e+03
5.826000000000000000e+03
5.834000000000000000e+03
5.856000000000000000e+03
5.923000000000000000e+03
5.929000000000000000e+03
5.930000000000000000e+03
5.947000000000000000e+03
6.018000000000000000e+03
6.051000000000000000e+03
6.055000000000000000e+03
6.125000000000000000e+03
6.126000000000000000e+03
6.135000000000000000e+03
6.137000000000000000e+03
6.138000000000000000e+03
6.140000000000000000e+03
6.143000000000000000e+03
6.152000000000000000e+03
6.162000000000000000e+03
6.232000000000000000e+03
6.236000000000000000e+03
6.242000000000000000e+03
6.244000000000000000e+03
6.245000000000000000e+03
6.246000000000000000e+03
6.247000000000000000e+03
6.248000000000000000e+03
6.249000000000000000e+03
6.250000000000000000e+03
6.251000000000000000e+03
6.252000000000000000e+03
6.254000000000000000e+03
6.266000000000000000e+03
6.334000000000000000e+03
6.341000000000000000e+03
6.345000000000000000e+03
6.348000000000000000e+03
6.349000000000000000e+03
6.350000000000000000e+03
6.351000000000000000e+03
6.352000000000000000e+03
6.353000000000000000e+03
6.356000000000000000e+03
6.360000000000000000e+03
6.361000000000000000e+03
6.364000000000000000e+03
6.430000000000000000e+03
6.436000000000000000e+03
6.438000000000000000e+03
6.439000000000000000e+03
6.448000000000000000e+03
6.451000000000000000e+03
6.452000000000000000e+03
6.453000000000000000e+03
6.455000000000000000e+03
6.458000000000000000e+03
6.459000000000000000e+03
6.464000000000000000e+03
6.528000000000000000e+03
6.534000000000000000e+03
6.540000000000000000e+03
6.541000000000000000e+03
6.546000000000000000e+03
6.550000000000000000e+03
6.551000000000000000e+03
6.552000000000000000e+03
6.553000000000000000e+03
6.554000000000000000e+03
6.555000000000000000e+03
6.556000000000000000e+03
6.558000000000000000e+03
6.560000000000000000e+03
6.561000000000000000e+03
6.562000000000000000e+03
6.566000000000000000e+03
6.567000000000000000e+03
6.568000000000000000e+03
6.639000000000000000e+03
6.645000000000000000e+03
6.648000000000000000e+03
6.653000000000000000e+03
6.654000000000000000e+03
6.655000000000000000e+03
6.656000000000000000e+03
6.658000000000000000e+03
6.659000000000000000e+03
6.660000000000000000e+03
6.661000000000000000e+03
6.662000000000000000e+03
6.663000000000000000e+03
6.664000000000000000e+03
6.669000000000000000e+03
6.670000000000000000e+03
6.671000000000000000e+03
6.672000000000000000e+03
6.741000000000000000e+03
6.743000000000000000e+03
6.744000000000000000e+03
6.746000000000000000e+03
6.750000000000000000e+03
6.753000000000000000e+03
6.754000000000000000e+03
6.755000000000000000e+03
6.756000000000000000e+03
6.757000000000000000e+03
6.758000000000000000e+03
6.759000000000000000e+03
6.760000000000000000e+03
6.762000000000000000e+03
6.766000000000000000e+03
6.767000000000000000e+03
6.832000000000000000e+03
6.833000000000000000e+03
6.834000000000000000e+03
6.835000000000000000e+03
6.836000000000000000e+03
6.837000000000000000e+03
6.840000000000000000e+03
6.842000000000000000e+03
6.844000000000000000e+03
6.846000000000000000e+03
6.847000000000000000e+03
6.848000000000000000e+03
6.849000000000000000e+03
6.850000000000000000e+03
6.851000000000000000e+03
6.854000000000000000e+03
6.855000000000000000e+03
6.922000000000000000e+03
6.923000000000000000e+03
6.924000000000000000e+03
6.925000000000000000e+03
6.927000000000000000e+03
6.930000000000000000e+03
6.931000000000000000e+03
6.934000000000000000e+03
6.936000000000000000e+03
6.937000000000000000e+03
7.002000000000000000e+03
7.003000000000000000e+03
7.004000000000000000e+03
7.005000000000000000e+03
7.007000000000000000e+03
7.010000000000000000e+03
7.011000000000000000e+03
7.012000000000000000e+03
7.014000000000000000e+03
7.016000000000000000e+03
7.018000000000000000e+03
7.081000000000000000e+03
7.084000000000000000e+03
7.085000000000000000e+03
7.094000000000000000e+03
7.096000000000000000e+03
7.098000000000000000e+03
7.100000000000000000e+03
7.101000000000000000e+03
7.102000000000000000e+03
7.104000000000000000e+03
7.107000000000000000e+03
7.164000000000000000e+03
7.174000000000000000e+03
7.175000000000000000e+03
7.180000000000000000e+03
7.181000000000000000e+03
7.182000000000000000e+03
7.183000000000000000e+03
7.184000000000000000e+03
7.186000000000000000e+03
7.188000000000000000e+03
7.245000000000000000e+03
7.260000000000000000e+03
7.261000000000000000e+03
7.262000000000000000e+03
7.263000000000000000e+03
7.264000000000000000e+03
7.265000000000000000e+03
7.269000000000000000e+03
7.329000000000000000e+03
7.340000000000000000e+03
7.341000000000000000e+03
7.345000000000000000e+03
7.346000000000000000e+03
7.347000000000000000e+03
7.348000000000000000e+03
7.349000000000000000e+03
7.351000000000000000e+03
7.352000000000000000e+03
7.357000000000000000e+03
7.418000000000000000e+03
7.430000000000000000e+03
7.431000000000000000e+03
7.435000000000000000e+03
7.436000000000000000e+03
7.437000000000000000e+03
7.438000000000000000e+03
7.439000000000000000e+03
7.440000000000000000e+03
7.441000000000000000e+03
7.443000000000000000e+03
7.444000000000000000e+03
7.446000000000000000e+03
7.449000000000000000e+03
7.509000000000000000e+03
7.520000000000000000e+03
7.521000000000000000e+03
7.522000000000000000e+03
7.524000000000000000e+03
7.526000000000000000e+03
7.527000000000000000e+03
7.528000000000000000e+03
7.529000000000000000e+03
7.530000000000000000e+03
7.531000000000000000e+03
7.532000000000000000e+03
7.536000000000000000e+03
7.537000000000000000e+03
7.539000000000000000e+03
7.541000000000000000e+03
7.543000000000000000e+03
7.604000000000000000e+03
7.612000000000000000e+03
7.613000000000000000e+03
7.614000000000000000e+03
7.615000000000000000e+03
7.620000000000000000e+03
7.621000000000000000e+03
7.622000000000000000e+03
7.623000000000000000e+03
7.624000000000000000e+03
7.625000000000000000e+03
7.626000000000000000e+03
7.627000000000000000e+03
7.628000000000000000e+03
7.629000000000000000e+03
7.630000000000000000e+03
7.632000000000000000e+03
7.692000000000000000e+03
7.695000000000000000e+03
7.703000000000000000e+03
7.704000000000000000e+03
7.709000000000000000e+03
7.710000000000000000e+03
7.711000000000000000e+03
7.712000000000000000e+03
7.713000000000000000e+03
7.714000000000000000e+03
7.715000000000000000e+03
7.716000000000000000e+03
7.721000000000000000e+03
7.722000000000000000e+03
7.780000000000000000e+03
7.783000000000000000e+03
7.792000000000000000e+03
7.793000000000000000e+03
7.800000000000000000e+03
7.801000000000000000e+03
7.802000000000000000e+03
7.803000000000000000e+03
7.806000000000000000e+03
7.807000000000000000e+03
7.852000000000000000e+03
7.853000000000000000e+03
7.857000000000000000e+03
7.860000000000000000e+03
7.869000000000000000e+03
7.874000000000000000e+03
7.876000000000000000e+03
7.877000000000000000e+03
7.878000000000000000e+03
7.879000000000000000e+03
7.880000000000000000e+03
7.933000000000000000e+03
7.935000000000000000e+03
7.946000000000000000e+03
7.952000000000000000e+03
7.953000000000000000e+03
7.955000000000000000e+03
7.956000000000000000e+03
7.957000000000000000e+03
7.958000000000000000e+03
7.959000000000000000e+03
7.960000000000000000e+03
7.961000000000000000e+03
7.962000000000000000e+03
7.964000000000000000e+03
8.031000000000000000e+03
8.036000000000000000e+03
8.037000000000000000e+03
8.041000000000000000e+03
8.042000000000000000e+03
8.043000000000000000e+03
8.044000000000000000e+03
8.045000000000000000e+03
8.046000000000000000e+03
8.047000000000000000e+03
8.048000000000000000e+03
8.049000000000000000e+03
8.050000000000000000e+03
8.051000000000000000e+03
8.105000000000000000e+03
8.124000000000000000e+03
8.125000000000000000e+03
8.126000000000000000e+03
8.127000000000000000e+03
8.128000000000000000e+03
8.130000000000000000e+03
8.131000000000000000e+03
8.132000000000000000e+03
8.133000000000000000e+03
8.134000000000000000e+03
8.135000000000000000e+03
8.136000000000000000e+03
8.137000000000000000e+03
8.138000000000000000e+03
8.139000000000000000e+03
8.140000000000000000e+03
8.141000000000000000e+03
8.184000000000000000e+03
8.186000000000000000e+03
8.208000000000000000e+03
8.209000000000000000e+03
8.211000000000000000e+03
8.212000000000000000e+03
8.213000000000000000e+03
8.221000000000000000e+03
8.222000000000000000e+03
8.223000000000000000e+03
8.224000000000000000e+03
8.225000000000000000e+03
8.226000000000000000e+03
8.227000000000000000e+03
8.228000000000000000e+03
8.229000000000000000e+03
8.230000000000000000e+03
8.231000000000000000e+03
8.232000000000000000e+03
8.233000000000000000e+03
8.302000000000000000e+03
8.312000000000000000e+03
8.313000000000000000e+03
8.314000000000000000e+03
8.315000000000000000e+03
8.316000000000000000e+03
8.317000000000000000e+03
8.318000000000000000e+03
8.319000000000000000e+03
8.320000000000000000e+03
8.321000000000000000e+03
8.322000000000000000e+03
8.323000000000000000e+03
8.325000000000000000e+03
8.376000000000000000e+03
8.398000000000000000e+03
8.399000000000000000e+03
8.409000000000000000e+03
8.410000000000000000e+03
8.411000000000000000e+03
8.412000000000000000e+03
8.413000000000000000e+03
8.414000000000000000e+03
8.415000000000000000e+03
8.416000000000000000e+03
8.417000000000000000e+03
8.418000000000000000e+03
8.419000000000000000e+03
8.420000000000000000e+03
8.421000000000000000e+03
8.422000000000000000e+03
8.424000000000000000e+03
8.425000000000000000e+03
8.464000000000000000e+03
8.479000000000000000e+03
8.480000000000000000e+03
8.481000000000000000e+03
8.482000000000000000e+03
8.487000000000000000e+03
8.499000000000000000e+03
8.500000000000000000e+03
8.501000000000000000e+03
8.502000000000000000e+03
8.503000000000000000e+03
8.504000000000000000e+03
8.505000000000000000e+03
8.506000000000000000e+03
8.507000000000000000e+03
8.508000000000000000e+03
8.509000000000000000e+03
8.510000000000000000e+03
8.511000000000000000e+03
8.512000000000000000e+03
8.515000000000000000e+03
8.553000000000000000e+03
8.574000000000000000e+03
8.587000000000000000e+03
8.588000000000000000e+03
8.589000000000000000e+03
8.590000000000000000e+03
8.591000000000000000e+03
8.592000000000000000e+03
8.593000000000000000e+03
8.594000000000000000e+03
8.595000000000000000e+03
8.596000000000000000e+03
8.597000000000000000e+03
8.598000000000000000e+03
8.599000000000000000e+03
8.601000000000000000e+03
8.663000000000000000e+03
8.665000000000000000e+03
8.675000000000000000e+03
8.676000000000000000e+03
8.677000000000000000e+03
8.678000000000000000e+03
8.679000000000000000e+03
8.680000000000000000e+03
8.681000000000000000e+03
8.684000000000000000e+03
8.686000000000000000e+03
8.731000000000000000e+03
8.734000000000000000e+03
8.735000000000000000e+03
8.736000000000000000e+03
8.766000000000000000e+03
8.767000000000000000e+03
8.769000000000000000e+03
8.770000000000000000e+03
8.772000000000000000e+03
8.774000000000000000e+03
8.818000000000000000e+03
8.820000000000000000e+03
8.822000000000000000e+03
8.837000000000000000e+03
8.843000000000000000e+03
8.844000000000000000e+03
8.850000000000000000e+03
8.851000000000000000e+03
8.852000000000000000e+03
8.854000000000000000e+03
8.857000000000000000e+03
8.859000000000000000e+03
8.900000000000000000e+03
8.901000000000000000e+03
8.905000000000000000e+03
8.923000000000000000e+03
8.926000000000000000e+03
8.929000000000000000e+03
8.932000000000000000e+03
8.935000000000000000e+03
8.937000000000000000e+03
8.978000000000000000e+03
8.984000000000000000e+03
8.998000000000000000e+03
9.004000000000000000e+03
9.007000000000000000e+03
9.008000000000000000e+03
9.010000000000000000e+03
9.013000000000000000e+03
9.046000000000000000e+03
9.053000000000000000e+03
9.061000000000000000e+03
9.079000000000000000e+03
9.081000000000000000e+03
9.082000000000000000e+03
9.084000000000000000e+03
9.085000000000000000e+03
9.087000000000000000e+03
9.090000000000000000e+03
9.125000000000000000e+03
9.135000000000000000e+03
9.163000000000000000e+03
9.167000000000000000e+03
9.168000000000000000e+03
9.170000000000000000e+03
9.171000000000000000e+03
9.173000000000000000e+03
9.176000000000000000e+03
9.211000000000000000e+03
9.239000000000000000e+03
9.240000000000000000e+03
9.242000000000000000e+03
9.243000000000000000e+03
9.252000000000000000e+03
9.258000000000000000e+03
9.259000000000000000e+03
9.261000000000000000e+03
9.264000000000000000e+03
9.300000000000000000e+03
9.337000000000000000e+03
9.338000000000000000e+03
9.341000000000000000e+03
9.342000000000000000e+03
9.344000000000000000e+03
9.347000000000000000e+03
9.381000000000000000e+03
9.388000000000000000e+03
9.389000000000000000e+03
9.393000000000000000e+03
9.422000000000000000e+03
9.423000000000000000e+03
9.426000000000000000e+03
9.427000000000000000e+03
9.429000000000000000e+03
9.432000000000000000e+03
9.465000000000000000e+03
9.468000000000000000e+03
9.484000000000000000e+03
9.488000000000000000e+03
9.490000000000000000e+03
9.491000000000000000e+03
9.492000000000000000e+03
9.521000000000000000e+03
9.524000000000000000e+03
9.525000000000000000e+03
9.527000000000000000e+03
9.529000000000000000e+03
9.530000000000000000e+03
9.532000000000000000e+03
9.567000000000000000e+03
9.570000000000000000e+03
9.581000000000000000e+03
9.585000000000000000e+03
9.589000000000000000e+03
9.590000000000000000e+03
9.591000000000000000e+03
9.592000000000000000e+03
9.593000000000000000e+03
9.594000000000000000e+03
9.606000000000000000e+03
9.608000000000000000e+03
9.616000000000000000e+03
9.623000000000000000e+03
9.625000000000000000e+03
9.628000000000000000e+03
9.629000000000000000e+03
9.631000000000000000e+03
9.635000000000000000e+03
9.637000000000000000e+03
9.673000000000000000e+03
9.684000000000000000e+03
9.689000000000000000e+03
9.694000000000000000e+03
9.696000000000000000e+03
9.697000000000000000e+03
9.698000000000000000e+03
9.700000000000000000e+03
9.713000000000000000e+03
9.721000000000000000e+03
9.722000000000000000e+03
9.727000000000000000e+03
9.728000000000000000e+03
9.729000000000000000e+03
9.731000000000000000e+03
9.737000000000000000e+03
9.739000000000000000e+03
9.783000000000000000e+03
9.795000000000000000e+03
9.801000000000000000e+03
9.804000000000000000e+03
9.807000000000000000e+03
9.808000000000000000e+03
9.809000000000000000e+03
9.810000000000000000e+03
9.811000000000000000e+03
9.812000000000000000e+03
9.813000000000000000e+03
9.833000000000000000e+03
9.838000000000000000e+03
9.839000000000000000e+03
9.841000000000000000e+03
9.845000000000000000e+03
9.847000000000000000e+03
9.890000000000000000e+03
9.897000000000000000e+03
9.905000000000000000e+03
9.907000000000000000e+03
9.909000000000000000e+03
9.910000000000000000e+03
9.911000000000000000e+03
9.913000000000000000e+03
9.914000000000000000e+03
9.916000000000000000e+03
9.917000000000000000e+03
9.918000000000000000e+03
9.919000000000000000e+03
9.920000000000000000e+03
9.924000000000000000e+03
9.933000000000000000e+03
9.939000000000000000e+03
9.940000000000000000e+03
9.941000000000000000e+03
9.943000000000000000e+03
9.945000000000000000e+03
9.947000000000000000e+03
1.001100000000000000e+04
1.001300000000000000e+04
1.001400000000000000e+04
1.001500000000000000e+04
1.001600000000000000e+04
1.001700000000000000e+04
1.001900000000000000e+04
1.002000000000000000e+04
1.002100000000000000e+04
1.002500000000000000e+04
1.002800000000000000e+04
1.002900000000000000e+04
1.003100000000000000e+04
1.003300000000000000e+04
1.003500000000000000e+04
1.008400000000000000e+04
1.009400000000000000e+04
1.010100000000000000e+04
1.010300000000000000e+04
1.010900000000000000e+04
1.011000000000000000e+04
1.011100000000000000e+04
1.011200000000000000e+04
1.011300000000000000e+04
1.011400000000000000e+04
1.011500000000000000e+04
1.012100000000000000e+04
1.012200000000000000e+04
1.012400000000000000e+04
1.012600000000000000e+04
1.012800000000000000e+04
1.019300000000000000e+04
1.019400000000000000e+04
1.019800000000000000e+04
1.020300000000000000e+04
1.020500000000000000e+04
1.020600000000000000e+04
1.020700000000000000e+04
1.020800000000000000e+04
1.021600000000000000e+04
1.021700000000000000e+04
1.021900000000000000e+04
1.022200000000000000e+04
1.022300000000000000e+04
1.027300000000000000e+04
1.028000000000000000e+04
1.029900000000000000e+04
1.030100000000000000e+04
1.030200000000000000e+04
1.030600000000000000e+04
1.030700000000000000e+04
1.030800000000000000e+04
1.030900000000000000e+04
1.031000000000000000e+04
1.031100000000000000e+04
1.031200000000000000e+04
1.032000000000000000e+04
1.032100000000000000e+04
1.032200000000000000e+04
1.032400000000000000e+04
1.032700000000000000e+04
1.032800000000000000e+04
1.039300000000000000e+04
1.039500000000000000e+04
1.039600000000000000e+04
1.040900000000000000e+04
1.041200000000000000e+04
1.041500000000000000e+04
1.041700000000000000e+04
1.041800000000000000e+04
1.042100000000000000e+04
1.042200000000000000e+04
1.042300000000000000e+04
1.042400000000000000e+04
1.042600000000000000e+04
1.042700000000000000e+04
1.042800000000000000e+04
1.043600000000000000e+04
1.043700000000000000e+04
1.043800000000000000e+04
1.044000000000000000e+04
1.044300000000000000e+04
1.044400000000000000e+04
1.049700000000000000e+04
1.049800000000000000e+04
1.049900000000000000e+04
1.052200000000000000e+04
1.053000000000000000e+04
1.053700000000000000e+04
1.053800000000000000e+04
1.054100000000000000e+04
1.054200000000000000e+04
1.054500000000000000e+04
1.054600000000000000e+04
1.055300000000000000e+04
1.055400000000000000e+04
1.055500000000000000e+04
1.055600000000000000e+04
1.055800000000000000e+04
1.056100000000000000e+04
1.056200000000000000e+04
1.060900000000000000e+04
1.061000000000000000e+04
1.061800000000000000e+04
1.062100000000000000e+04
1.064100000000000000e+04
1.064200000000000000e+04
1.064500000000000000e+04
1.064600000000000000e+04
1.064800000000000000e+04
1.064900000000000000e+04
1.065700000000000000e+04
1.065800000000000000e+04
1.065900000000000000e+04
1.066000000000000000e+04
1.066100000000000000e+04
1.066300000000000000e+04
1.066600000000000000e+04
1.066700000000000000e+04
1.071800000000000000e+04
1.072800000000000000e+04
1.073100000000000000e+04
1.074300000000000000e+04
1.075300000000000000e+04
1.075500000000000000e+04
1.075600000000000000e+04
1.075900000000000000e+04
1.076000000000000000e+04
1.076200000000000000e+04
1.076300000000000000e+04
1.077200000000000000e+04
1.077300000000000000e+04
1.077400000000000000e+04
1.077500000000000000e+04
1.077600000000000000e+04
1.077700000000000000e+04
1.077800000000000000e+04
1.077900000000000000e+04
1.078200000000000000e+04
1.078300000000000000e+04
1.083200000000000000e+04
1.083500000000000000e+04
1.084200000000000000e+04
1.084300000000000000e+04
1.084500000000000000e+04
1.085100000000000000e+04
1.087100000000000000e+04
1.087300000000000000e+04
1.087400000000000000e+04
1.087700000000000000e+04
1.087800000000000000e+04
1.088000000000000000e+04
1.088100000000000000e+04
1.088200000000000000e+04
1.088300000000000000e+04
1.089000000000000000e+04
1.089100000000000000e+04
1.089200000000000000e+04
1.089300000000000000e+04
1.089400000000000000e+04
1.089500000000000000e+04
1.089600000000000000e+04
1.089800000000000000e+04
1.090000000000000000e+04
1.090200000000000000e+04
1.094400000000000000e+04
1.094500000000000000e+04
1.094600000000000000e+04
1.095000000000000000e+04
1.095800000000000000e+04
1.097000000000000000e+04
1.099000000000000000e+04
1.099200000000000000e+04
1.099300000000000000e+04
1.099500000000000000e+04
1.099700000000000000e+04
1.099900000000000000e+04
1.100000000000000000e+04
1.100100000000000000e+04
1.100200000000000000e+04
1.100300000000000000e+04
1.101000000000000000e+04
1.101100000000000000e+04
1.101200000000000000e+04
1.101300000000000000e+04
1.101400000000000000e+04
1.101500000000000000e+04
1.101600000000000000e+04
1.101700000000000000e+04
1.101800000000000000e+04
1.102000000000000000e+04
1.102200000000000000e+04
1.102400000000000000e+04
1.106600000000000000e+04
1.106700000000000000e+04
1.106800000000000000e+04
1.107600000000000000e+04
1.107700000000000000e+04
1.108200000000000000e+04
1.108300000000000000e+04
1.110000000000000000e+04
1.111200000000000000e+04
1.111300000000000000e+04
1.111500000000000000e+04
1.111700000000000000e+04
1.111800000000000000e+04
1.112000000000000000e+04
1.112100000000000000e+04
1.112200000000000000e+04
1.112300000000000000e+04
1.112400000000000000e+04
1.113100000000000000e+04
1.113200000000000000e+04
1.113300000000000000e+04
1.113400000000000000e+04
1.113500000000000000e+04
1.113600000000000000e+04
1.113700000000000000e+04
1.113800000000000000e+04
1.113900000000000000e+04
1.114300000000000000e+04
1.114500000000000000e+04
1.114700000000000000e+04
1.119200000000000000e+04
1.119300000000000000e+04
1.119400000000000000e+04
1.119800000000000000e+04
1.120200000000000000e+04
1.120400000000000000e+04
1.123300000000000000e+04
1.123400000000000000e+04
1.123600000000000000e+04
1.123800000000000000e+04
1.123900000000000000e+04
1.124100000000000000e+04
1.124200000000000000e+04
1.124300000000000000e+04
1.124400000000000000e+04
1.124500000000000000e+04
1.124600000000000000e+04
1.124700000000000000e+04
1.124800000000000000e+04
1.125400000000000000e+04
1.125500000000000000e+04
1.125600000000000000e+04
1.125700000000000000e+04
1.125800000000000000e+04
1.125900000000000000e+04
1.126000000000000000e+04
1.126300000000000000e+04
1.126500000000000000e+04
1.126700000000000000e+04
1.130800000000000000e+04
1.130900000000000000e+04
1.131600000000000000e+04
1.131800000000000000e+04
1.133800000000000000e+04
1.134100000000000000e+04
1.134300000000000000e+04
1.134500000000000000e+04
1.134600000000000000e+04
1.134800000000000000e+04
1.134900000000000000e+04
1.135100000000000000e+04
1.135600000000000000e+04
1.135800000000000000e+04
1.136000000000000000e+04
1.136200000000000000e+04
1.140400000000000000e+04
1.140800000000000000e+04
1.141200000000000000e+04
1.141400000000000000e+04
1.141900000000000000e+04
1.142700000000000000e+04
1.143200000000000000e+04
1.143400000000000000e+04
1.143600000000000000e+04
1.143700000000000000e+04
1.143900000000000000e+04
1.144100000000000000e+04
1.144200000000000000e+04
1.144700000000000000e+04
1.144900000000000000e+04
1.145200000000000000e+04
1.145300000000000000e+04
1.149700000000000000e+04
1.150200000000000000e+04
1.150700000000000000e+04
1.152000000000000000e+04
1.152900000000000000e+04
1.153000000000000000e+04
1.153300000000000000e+04
1.153400000000000000e+04
1.153500000000000000e+04
1.153700000000000000e+04
1.153900000000000000e+04
1.154200000000000000e+04
1.154300000000000000e+04
1.159000000000000000e+04
1.159600000000000000e+04
1.159800000000000000e+04
1.160000000000000000e+04
1.160100000000000000e+04
1.161600000000000000e+04
1.162500000000000000e+04
1.162800000000000000e+04
1.162900000000000000e+04
1.163100000000000000e+04
1.163300000000000000e+04
1.163500000000000000e+04
1.163700000000000000e+04
1.169200000000000000e+04
1.170400000000000000e+04
1.170600000000000000e+04
1.171100000000000000e+04
1.171300000000000000e+04
1.171400000000000000e+04
1.171600000000000000e+04
1.171800000000000000e+04
1.172000000000000000e+04
1.172200000000000000e+04
1.172400000000000000e+04
1.172600000000000000e+04
1.177500000000000000e+04
1.177700000000000000e+04
1.177800000000000000e+04
1.178800000000000000e+04
1.179000000000000000e+04
1.179700000000000000e+04
1.179800000000000000e+04
1.180000000000000000e+04
1.180200000000000000e+04
1.180400000000000000e+04
1.180600000000000000e+04
1.180800000000000000e+04
1.180900000000000000e+04
1.181000000000000000e+04
1.187000000000000000e+04
1.188000000000000000e+04
1.188900000000000000e+04
1.189200000000000000e+04
1.189300000000000000e+04
1.189500000000000000e+04
1.189700000000000000e+04
1.189900000000000000e+04
1.190000000000000000e+04
1.190100000000000000e+04
1.196200000000000000e+04
1.197000000000000000e+04
1.197200000000000000e+04
1.197800000000000000e+04
1.197900000000000000e+04
1.198000000000000000e+04
1.198300000000000000e+04
1.198400000000000000e+04
1.198600000000000000e+04
1.198800000000000000e+04
1.199200000000000000e+04
1.205200000000000000e+04
1.205900000000000000e+04
1.206800000000000000e+04
1.206900000000000000e+04
1.207000000000000000e+04
1.207400000000000000e+04
1.207600000000000000e+04
1.207800000000000000e+04
1.207900000000000000e+04
1.208000000000000000e+04
1.208100000000000000e+04
1.208300000000000000e+04
1.208500000000000000e+04
1.208800000000000000e+04
1.215000000000000000e+04
1.215100000000000000e+04
1.215200000000000000e+04
1.215300000000000000e+04
1.217000000000000000e+04
1.217100000000000000e+04
1.217500000000000000e+04
1.217600000000000000e+04
1.217700000000000000e+04
1.217900000000000000e+04
1.218100000000000000e+04
1.218200000000000000e+04
1.218400000000000000e+04
1.218600000000000000e+04
1.218800000000000000e+04
1.225400000000000000e+04
1.225500000000000000e+04
1.227200000000000000e+04
1.227300000000000000e+04
1.228200000000000000e+04
1.228300000000000000e+04
1.228700000000000000e+04
1.228800000000000000e+04
1.228900000000000000e+04
1.229200000000000000e+04
1.229300000000000000e+04
1.229500000000000000e+04
1.235400000000000000e+04
1.235500000000000000e+04
1.236100000000000000e+04
1.237000000000000000e+04
1.237100000000000000e+04
1.237900000000000000e+04
1.238000000000000000e+04
1.238300000000000000e+04
1.238400000000000000e+04
1.238500000000000000e+04
1.238700000000000000e+04
1.238900000000000000e+04
1.239000000000000000e+04
1.239200000000000000e+04
1.245000000000000000e+04
1.246400000000000000e+04
1.246600000000000000e+04
1.246700000000000000e+04
1.247300000000000000e+04
1.247600000000000000e+04
1.247900000000000000e+04
1.248000000000000000e+04
1.248200000000000000e+04
1.248400000000000000e+04
1.254700000000000000e+04
1.256200000000000000e+04
1.256300000000000000e+04
1.256500000000000000e+04
1.256800000000000000e+04
1.256900000000000000e+04
1.257000000000000000e+04
1.257200000000000000e+04
1.257400000000000000e+04
1.257600000000000000e+04
1.263700000000000000e+04
1.264700000000000000e+04
1.265400000000000000e+04
1.265500000000000000e+04
1.265700000000000000e+04
1.266100000000000000e+04
1.266200000000000000e+04
1.266400000000000000e+04
1.266600000000000000e+04
1.266800000000000000e+04
1.272300000000000000e+04
1.272700000000000000e+04
1.274100000000000000e+04
1.274300000000000000e+04
1.274600000000000000e+04
1.274700000000000000e+04
1.275000000000000000e+04
1.275100000000000000e+04
1.275300000000000000e+04
1.280200000000000000e+04
1.280600000000000000e+04
1.281100000000000000e+04
1.282100000000000000e+04
1.282300000000000000e+04
1.282500000000000000e+04
1.282600000000000000e+04
1.282700000000000000e+04
1.283000000000000000e+04
1.283100000000000000e+04
1.287100000000000000e+04
1.289100000000000000e+04
1.289300000000000000e+04
1.289400000000000000e+04
1.289500000000000000e+04
1.289700000000000000e+04
1.290100000000000000e+04
1.293500000000000000e+04
1.295000000000000000e+04
1.295400000000000000e+04
1.295600000000000000e+04
1.295700000000000000e+04
1.295900000000000000e+04
1.296100000000000000e+04
1.299300000000000000e+04
1.300300000000000000e+04
1.300600000000000000e+04
1.300800000000000000e+04
1.300900000000000000e+04
1.301100000000000000e+04
1.301300000000000000e+04
1.301400000000000000e+04
1.301600000000000000e+04
1.304300000000000000e+04
1.304800000000000000e+04
1.305400000000000000e+04
1.305500000000000000e+04
1.305800000000000000e+04
1.306000000000000000e+04
1.306100000000000000e+04
1.306300000000000000e+04
1.306500000000000000e+04
1.306600000000000000e+04
1.306700000000000000e+04
1.309600000000000000e+04
1.310900000000000000e+04
1.311200000000000000e+04
1.311400000000000000e+04
1.311500000000000000e+04
1.311800000000000000e+04
1.314500000000000000e+04
1.315400000000000000e+04
1.316000000000000000e+04
1.316100000000000000e+04
1.316400000000000000e+04
1.316600000000000000e+04
1.316700000000000000e+04
1.320200000000000000e+04
1.321500000000000000e+04
1.321700000000000000e+04
1.321800000000000000e+04
1.322100000000000000e+04
1.322200000000000000e+04
1.322400000000000000e+04
1.322500000000000000e+04
1.325400000000000000e+04
1.326800000000000000e+04
1.327300000000000000e+04
1.327500000000000000e+04
1.327600000000000000e+04
1.327900000000000000e+04
1.328000000000000000e+04
1.328200000000000000e+04
1.331100000000000000e+04
1.333800000000000000e+04
1.334000000000000000e+04
1.334200000000000000e+04
1.334300000000000000e+04
1.338900000000000000e+04
1.339500000000000000e+04
1.339800000000000000e+04
1.340100000000000000e+04
1.340300000000000000e+04
1.340400000000000000e+04
1.340500000000000000e+04
1.340600000000000000e+04
1.344400000000000000e+04
1.344800000000000000e+04
1.345200000000000000e+04
1.345300000000000000e+04
1.345400000000000000e+04
1.345600000000000000e+04
1.345800000000000000e+04
1.345900000000000000e+04
1.348400000000000000e+04
1.350300000000000000e+04
1.350500000000000000e+04
1.350700000000000000e+04
1.350900000000000000e+04
1.351000000000000000e+04
1.353000000000000000e+04
1.353100000000000000e+04
1.353500000000000000e+04
1.354000000000000000e+04
1.354100000000000000e+04
1.355200000000000000e+04
1.355400000000000000e+04
1.355600000000000000e+04
1.355800000000000000e+04
1.355900000000000000e+04
1.357500000000000000e+04
1.357600000000000000e+04
1.357700000000000000e+04
1.357800000000000000e+04
1.358500000000000000e+04
1.359100000000000000e+04
1.359200000000000000e+04
1.359300000000000000e+04
1.359800000000000000e+04
1.359900000000000000e+04
1.360300000000000000e+04
1.360500000000000000e+04
1.360600000000000000e+04
1.362100000000000000e+04
1.362200000000000000e+04
1.362300000000000000e+04
1.362900000000000000e+04
1.363100000000000000e+04
1.363800000000000000e+04
1.363900000000000000e+04
1.364200000000000000e+04
1.364300000000000000e+04
1.364600000000000000e+04
1.364800000000000000e+04
1.364900000000000000e+04
1.366500000000000000e+04
1.366600000000000000e+04
1.366700000000000000e+04
1.366800000000000000e+04
1.367400000000000000e+04
1.367500000000000000e+04
1.367700000000000000e+04
1.368400000000000000e+04
1.368500000000000000e+04
1.368800000000000000e+04
1.369000000000000000e+04
1.369100000000000000e+04
1.369200000000000000e+04
1.370700000000000000e+04
1.370900000000000000e+04
1.371000000000000000e+04
1.371100000000000000e+04
1.371500000000000000e+04
1.371700000000000000e+04
1.372400000000000000e+04
1.372500000000000000e+04
1.372800000000000000e+04
1.373000000000000000e+04
1.373200000000000000e+04
1.374400000000000000e+04
1.374500000000000000e+04
1.374700000000000000e+04
1.374800000000000000e+04
1.375200000000000000e+04
1.375300000000000000e+04
1.375400000000000000e+04
1.376100000000000000e+04
1.376200000000000000e+04
1.376400000000000000e+04
1.376700000000000000e+04
1.376900000000000000e+04
1.378400000000000000e+04
1.378700000000000000e+04
1.378800000000000000e+04
1.379400000000000000e+04
1.380100000000000000e+04
1.380200000000000000e+04
1.380400000000000000e+04
1.380700000000000000e+04
1.380900000000000000e+04
1.382400000000000000e+04
1.382600000000000000e+04
1.382800000000000000e+04
1.383200000000000000e+04
1.383300000000000000e+04
1.383500000000000000e+04
1.384200000000000000e+04
1.384300000000000000e+04
1.384500000000000000e+04
1.384800000000000000e+04
1.385000000000000000e+04
1.386300000000000000e+04
1.386500000000000000e+04
1.386700000000000000e+04
1.387100000000000000e+04
1.387200000000000000e+04
1.387300000000000000e+04
1.388000000000000000e+04
1.388200000000000000e+04
1.388500000000000000e+04
1.389600000000000000e+04
1.389900000000000000e+04
1.390300000000000000e+04
1.390800000000000000e+04
1.391000000000000000e+04
1.391300000000000000e+04
1.392400000000000000e+04
1.392600000000000000e+04
1.393100000000000000e+04
1.393200000000000000e+04
1.393700000000000000e+04
1.393900000000000000e+04
1.394200000000000000e+04
1.395500000000000000e+04
1.395600000000000000e+04
1.396800000000000000e+04
1.397000000000000000e+04
1.397300000000000000e+04
1.398600000000000000e+04
1.398700000000000000e+04
1.399000000000000000e+04
1.399900000000000000e+04
1.400000000000000000e+04
1.400200000000000000e+04
1.400500000000000000e+04
1.401600000000000000e+04
1.401700000000000000e+04
1.401800000000000000e+04
1.403000000000000000e+04
1.403200000000000000e+04
1.403500000000000000e+04
1.404300000000000000e+04
1.404500000000000000e+04
1.404600000000000000e+04
1.404800000000000000e+04
1.406300000000000000e+04
1.406500000000000000e+04
1.406800000000000000e+04
1.407400000000000000e+04
1.407600000000000000e+04
1.407900000000000000e+04
1.409500000000000000e+04
1.409800000000000000e+04
1.409900000000000000e+04
1.410100000000000000e+04
1.410600000000000000e+04
1.410900000000000000e+04
1.411400000000000000e+04
1.411800000000000000e+04
1.412300000000000000e+04
1.412700000000000000e+04
1.413000000000000000e+04
1.413200000000000000e+04
1.413700000000000000e+04
1.414300000000000000e+04
1.414400000000000000e+04
1.415000000000000000e+04
1.415400000000000000e+04
1.415600000000000000e+04
1.415800000000000000e+04
1.416500000000000000e+04
1.416700000000000000e+04
1.417400000000000000e+04
1.417900000000000000e+04
1.418100000000000000e+04
1.418800000000000000e+04
1.419200000000000000e+04
1.419900000000000000e+04
1.420100000000000000e+04
1.420200000000000000e+04
1.420400000000000000e+04
1.420900000000000000e+04
1.421000000000000000e+04
1.421700000000000000e+04
1.422200000000000000e+04
1.422800000000000000e+04
1.423000000000000000e+04
1.423500000000000000e+04
1.424900000000000000e+04
1.425000000000000000e+04
1.425400000000000000e+04
1.425600000000000000e+04
1.426900000000000000e+04
1.427600000000000000e+04
1.427900000000000000e+04
1.428100000000000000e+04
1.428300000000000000e+04
1.429000000000000000e+04
1.429600000000000000e+04
1.430500000000000000e+04
1.431000000000000000e+04
1.431200000000000000e+04
1.431400000000000000e+04
1.431900000000000000e+04
1.432000000000000000e+04
1.432900000000000000e+04
1.433900000000000000e+04
1.434600000000000000e+04
1.434800000000000000e+04
1.435400000000000000e+04
1.436200000000000000e+04
1.438100000000000000e+04
1.438300000000000000e+04
1.438500000000000000e+04
1.440500000000000000e+04
1.442200000000000000e+04
1.442300000000000000e+04
1.442400000000000000e+04
1.443100000000000000e+04
1.444600000000000000e+04
1.446700000000000000e+04
1.446800000000000000e+04
1.447400000000000000e+04
1.448400000000000000e+04
1.448700000000000000e+04
1.449900000000000000e+04
1.450400000000000000e+04
1.450600000000000000e+04
1.451100000000000000e+04
1.451200000000000000e+04
1.452100000000000000e+04
1.452300000000000000e+04
1.454000000000000000e+04
1.454300000000000000e+04
1.454500000000000000e+04
1.455000000000000000e+04
1.455100000000000000e+04
1.455500000000000000e+04
1.457000000000000000e+04
1.457400000000000000e+04
1.458400000000000000e+04
1.458600000000000000e+04
1.458800000000000000e+04
1.459400000000000000e+04
1.459500000000000000e+04
1.460200000000000000e+04
1.463100000000000000e+04
1.463400000000000000e+04
1.463600000000000000e+04
1.464400000000000000e+04
1.464600000000000000e+04
1.464900000000000000e+04
1.465100000000000000e+04
1.466600000000000000e+04
1.466900000000000000e+04
1.467100000000000000e+04
1.468000000000000000e+04
1.468600000000000000e+04
1.469500000000000000e+04
1.470300000000000000e+04
1.470600000000000000e+04
1.470900000000000000e+04
1.473200000000000000e+04
1.473700000000000000e+04
1.473900000000000000e+04
1.474000000000000000e+04
1.474200000000000000e+04
1.474500000000000000e+04
1.474900000000000000e+04
1.476200000000000000e+04
1.476900000000000000e+04
1.477200000000000000e+04
1.477600000000000000e+04
1.478600000000000000e+04
1.478800000000000000e+04
1.479000000000000000e+04
1.479400000000000000e+04
1.479700000000000000e+04
1.480200000000000000e+04
1.480600000000000000e+04
1.481200000000000000e+04
1.481300000000000000e+04
1.481400000000000000e+04
1.481500000000000000e+04
1.481600000000000000e+04
1.482200000000000000e+04
1.482500000000000000e+04
1.482600000000000000e+04
1.483200000000000000e+04
1.483800000000000000e+04
1.484000000000000000e+04
1.484100000000000000e+04
1.484200000000000000e+04
1.484300000000000000e+04
1.484600000000000000e+04
1.485000000000000000e+04
1.485300000000000000e+04
1.485500000000000000e+04
1.486800000000000000e+04
1.486900000000000000e+04
1.487100000000000000e+04
1.487200000000000000e+04
1.487300000000000000e+04
1.487400000000000000e+04
1.487500000000000000e+04
1.488000000000000000e+04
1.488300000000000000e+04
1.488700000000000000e+04
1.490100000000000000e+04
1.490200000000000000e+04
1.490300000000000000e+04
1.490400000000000000e+04
1.490500000000000000e+04
1.490600000000000000e+04
1.490700000000000000e+04
1.490900000000000000e+04
1.491000000000000000e+04
1.491100000000000000e+04
1.491400000000000000e+04
1.491500000000000000e+04
1.491600000000000000e+04
1.491800000000000000e+04
1.492400000000000000e+04
1.493900000000000000e+04
1.494000000000000000e+04
1.494100000000000000e+04
1.494200000000000000e+04
1.494600000000000000e+04
1.494700000000000000e+04
1.494800000000000000e+04
1.495000000000000000e+04
1.495200000000000000e+04
1.495300000000000000e+04
1.495400000000000000e+04
1.495500000000000000e+04
1.495700000000000000e+04
1.495900000000000000e+04
1.497400000000000000e+04
1.497600000000000000e+04
1.497700000000000000e+04
1.497800000000000000e+04
1.498100000000000000e+04
1.498200000000000000e+04
1.498300000000000000e+04
1.498600000000000000e+04
1.498800000000000000e+04
1.498900000000000000e+04
1.499100000000000000e+04
1.499300000000000000e+04
1.500600000000000000e+04
1.500800000000000000e+04
1.500900000000000000e+04
1.501200000000000000e+04
1.501300000000000000e+04
1.501400000000000000e+04
1.501500000000000000e+04
1.501700000000000000e+04
1.501900000000000000e+04
1.502000000000000000e+04
1.502300000000000000e+04
1.502500000000000000e+04
1.502900000000000000e+04
1.503000000000000000e+04
1.503200000000000000e+04
1.503400000000000000e+04
1.503500000000000000e+04
1.503700000000000000e+04
1.503900000000000000e+04
1.504100000000000000e+04
1.504200000000000000e+04
1.504400000000000000e+04
1.504600000000000000e+04
1.504900000000000000e+04
1.505500000000000000e+04
1.505700000000000000e+04
1.505900000000000000e+04
1.506100000000000000e+04
1.506300000000000000e+04
1.506500000000000000e+04
1.506700000000000000e+04
1.506900000000000000e+04
1.507300000000000000e+04
1.507900000000000000e+04
1.508000000000000000e+04
1.508200000000000000e+04
1.508400000000000000e+04
1.508600000000000000e+04
1.508800000000000000e+04
1.509000000000000000e+04
1.509200000000000000e+04
1.509700000000000000e+04
1.510400000000000000e+04
1.510500000000000000e+04
1.510700000000000000e+04
1.511100000000000000e+04
1.511500000000000000e+04
1.513200000000000000e+04
1.513300000000000000e+04
1.513500000000000000e+04
1.513800000000000000e+04
1.513900000000000000e+04
1.514300000000000000e+04
1.515200000000000000e+04
1.515400000000000000e+04
1.516300000000000000e+04
1.516400000000000000e+04
1.516700000000000000e+04
1.517000000000000000e+04
1.517200000000000000e+04
1.517300000000000000e+04
1.518200000000000000e+04
1.518500000000000000e+04
1.518600000000000000e+04
1.518900000000000000e+04
1.519200000000000000e+04
1.519300000000000000e+04
1.520000000000000000e+04
1.520300000000000000e+04
1.520400000000000000e+04
1.520700000000000000e+04
1.520800000000000000e+04
1.521300000000000000e+04
1.521500000000000000e+04
1.521900000000000000e+04
1.522200000000000000e+04
1.522300000000000000e+04
1.522900000000000000e+04
1.523500000000000000e+04
1.523600000000000000e+04
1.523900000000000000e+04
1.524100000000000000e+04
1.524900000000000000e+04
1.525400000000000000e+04
1.525500000000000000e+04
1.525800000000000000e+04
1.526100000000000000e+04
1.526700000000000000e+04
1.527000000000000000e+04
1.527400000000000000e+04
1.527900000000000000e+04
1.528200000000000000e+04
1.528800000000000000e+04
1.529100000000000000e+04
1.529600000000000000e+04
1.529800000000000000e+04
1.530200000000000000e+04
1.530400000000000000e+04
1.530800000000000000e+04
1.531200000000000000e+04
1.531800000000000000e+04
1.531900000000000000e+04
1.532800000000000000e+04
1.533000000000000000e+04
1.533500000000000000e+04
1.534000000000000000e+04
1.534400000000000000e+04
1.534900000000000000e+04
1.536300000000000000e+04
1.538600000000000000e+04
1.539000000000000000e+04
1.539700000000000000e+04
1.540200000000000000e+04
1.541100000000000000e+04
1.541500000000000000e+04
1.541900000000000000e+04
1.542100000000000000e+04
1.542600000000000000e+04
1.543100000000000000e+04
1.543800000000000000e+04
1.544500000000000000e+04
1.544600000000000000e+04
1.544700000000000000e+04
1.544800000000000000e+04
1.544900000000000000e+04
1.545700000000000000e+04
1.546200000000000000e+04
1.546800000000000000e+04
1.547300000000000000e+04
1.547500000000000000e+04
1.547800000000000000e+04
1.548000000000000000e+04
1.548600000000000000e+04
1.550500000000000000e+04
1.550900000000000000e+04
1.551000000000000000e+04
1.551700000000000000e+04
1.552600000000000000e+04
1.552700000000000000e+04
1.553500000000000000e+04
1.553700000000000000e+04
1.553900000000000000e+04
1.554000000000000000e+04
1.554100000000000000e+04
1.554800000000000000e+04
1.555400000000000000e+04
1.556000000000000000e+04
1.556800000000000000e+04
1.557200000000000000e+04
1.557500000000000000e+04
1.557600000000000000e+04
1.557700000000000000e+04
1.557900000000000000e+04
1.558000000000000000e+04
1.558400000000000000e+04
1.558600000000000000e+04
1.558900000000000000e+04
1.559300000000000000e+04
1.559800000000000000e+04
1.560000000000000000e+04
1.560200000000000000e+04
1.560800000000000000e+04
1.561600000000000000e+04
1.561800000000000000e+04
1.562100000000000000e+04
1.562400000000000000e+04
1.562900000000000000e+04
1.563100000000000000e+04
1.563300000000000000e+04
1.563400000000000000e+04
1.563500000000000000e+04
1.564400000000000000e+04
1.564800000000000000e+04
1.565300000000000000e+04
1.566300000000000000e+04
1.567000000000000000e+04
1.567400000000000000e+04
1.567800000000000000e+04
1.567900000000000000e+04
1.568500000000000000e+04
1.569600000000000000e+04
1.570400000000000000e+04
1.570800000000000000e+04
1.571300000000000000e+04
1.571700000000000000e+04
1.571900000000000000e+04
1.573000000000000000e+04
1.573300000000000000e+04
1.573900000000000000e+04
1.574100000000000000e+04
1.574300000000000000e+04
1.574400000000000000e+04
1.574800000000000000e+04
1.575100000000000000e+04
1.575400000000000000e+04
1.577100000000000000e+04
1.577700000000000000e+04
1.578200000000000000e+04
1.578900000000000000e+04
1.579100000000000000e+04
1.579700000000000000e+04
1.580200000000000000e+04
1.580500000000000000e+04
1.580900000000000000e+04
1.581400000000000000e+04
1.581900000000000000e+04
1.582500000000000000e+04
1.582600000000000000e+04
1.583600000000000000e+04
1.584100000000000000e+04
1.584300000000000000e+04
1.584400000000000000e+04
1.584900000000000000e+04
1.585000000000000000e+04
1.585400000000000000e+04
1.585800000000000000e+04
1.586300000000000000e+04
1.586400000000000000e+04
1.587000000000000000e+04
1.587100000000000000e+04
1.587600000000000000e+04
1.588000000000000000e+04
1.588100000000000000e+04
1.588600000000000000e+04
1.588700000000000000e+04
1.589000000000000000e+04
1.589200000000000000e+04
1.589300000000000000e+04
1.589500000000000000e+04
1.589800000000000000e+04
1.589900000000000000e+04
1.590000000000000000e+04
1.590200000000000000e+04
1.590500000000000000e+04
1.590600000000000000e+04
1.590800000000000000e+04
1.591100000000000000e+04
1.591300000000000000e+04
1.591500000000000000e+04
1.591600000000000000e+04
1.591800000000000000e+04
1.591900000000000000e+04
1.592300000000000000e+04
1.592400000000000000e+04
1.592600000000000000e+04
1.592800000000000000e+04
1.593000000000000000e+04
1.593500000000000000e+04
1.593800000000000000e+04
1.593900000000000000e+04
1.594200000000000000e+04
1.594500000000000000e+04
1.594600000000000000e+04
1.594700000000000000e+04
1.595000000000000000e+04
1.595300000000000000e+04
1.595400000000000000e+04
1.595600000000000000e+04
1.595900000000000000e+04
1.596000000000000000e+04
1.596300000000000000e+04
1.596400000000000000e+04
1.596900000000000000e+04
1.597600000000000000e+04
1.597800000000000000e+04
1.598400000000000000e+04
1.599100000000000000e+04
1.599200000000000000e+04
1.599500000000000000e+04
1.599700000000000000e+04
1.600200000000000000e+04
1.600500000000000000e+04
1.600600000000000000e+04
1.600800000000000000e+04
1.600900000000000000e+04
1.601100000000000000e+04
